{
  "advancedEditorSelectedIdentifier" : "ShaderGraphEditorPluginID",
  "openSceneRelativePaths" : [
    "Immersive.usda",
    "Pad.usda",
    "simple-pad.usda",
    "sound-emitter-2.usda"
  ],
  "recentIdentifiers" : {
    "489D1B89-E770-45DA-A24D-01EAB8ED2C4C" : [

    ],
    "952DE5C6-ECA4-4625-88DE-92E76235C1E8" : [

    ],
    "35631DC9-6E99-4864-8321-6C308624167D" : [

    ],
    "61292A3B-5E6B-45E9-9417-90EC3159230C" : [

    ],
    "D00E7E6A-910B-42C0-AF1A-4D79B33833D1" : [

    ]
  },
  "sceneCameraHistory" : {
    "0F25DC74-3213-4619-987E-5BB60C41DE99" : [
      {
        "date" : 729111203.732407,
        "title" : "Untitled",
        "transform" : [
          0.99999994,
          0,
          0,
          0,
          0,
          0.8660254,
          -0.49999988,
          0,
          0,
          0.49999988,
          0.8660254,
          0,
          0.017414497,
          0.18390393,
          0.3881884,
          1
        ]
      },
      {
        "date" : 729111177.195444,
        "title" : "Untitled",
        "transform" : [
          0.99999994,
          0,
          0,
          0,
          0,
          0.8660254,
          -0.49999988,
          0,
          0,
          0.49999988,
          0.8660254,
          0,
          0,
          0.2140665,
          0.3707741,
          1
        ]
      },
      {
        "date" : 729111135.849345,
        "title" : "Untitled",
        "transform" : [
          0.99999994,
          0,
          -0,
          0,
          -0,
          0.8660254,
          -0.49999988,
          0,
          0,
          0.49999988,
          0.8660254,
          0,
          0,
          0.23597762,
          0.40872526,
          1
        ]
      }
    ],
    "489D1B89-E770-45DA-A24D-01EAB8ED2C4C" : [
      {
        "date" : 729122119.504243,
        "title" : "Untitled",
        "transform" : [
          0.9848953,
          2.2770493e-05,
          -0.17315105,
          0,
          -0.087824486,
          0.8618863,
          -0.4994385,
          0,
          0.14922515,
          0.50710154,
          0.8488698,
          0,
          0,
          0.81069094,
          1.4041575,
          1
        ]
      },
      {
        "date" : 729122071.111737,
        "title" : "Untitled",
        "transform" : [
          0.9848953,
          2.2770493e-05,
          -0.17315105,
          0,
          -0.087824486,
          0.8618863,
          -0.4994385,
          0,
          0.14922515,
          0.50710154,
          0.8488698,
          0,
          0,
          1.0268494,
          1.7785547,
          1
        ]
      },
      {
        "date" : 729122055.114542,
        "title" : "Untitled",
        "transform" : [
          0.9848953,
          2.2770493e-05,
          -0.17315105,
          0,
          -0.087824486,
          0.8618863,
          -0.4994385,
          0,
          0.14922515,
          0.50710154,
          0.8488698,
          0,
          0,
          1.3219317,
          2.289652,
          1
        ]
      },
      {
        "date" : 729122047.727216,
        "title" : "Untitled",
        "transform" : [
          0.9848953,
          2.2770493e-05,
          -0.17315105,
          0,
          -0.087824486,
          0.8618863,
          -0.4994385,
          0,
          0.14922515,
          0.50710154,
          0.8488698,
          0,
          0,
          5.155095,
          8.9288845,
          1
        ]
      },
      {
        "date" : 729122026.286665,
        "title" : "Untitled",
        "transform" : [
          0.9848953,
          2.2770493e-05,
          -0.17315105,
          0,
          -0.087824486,
          0.8618863,
          -0.4994385,
          0,
          0.14922515,
          0.50710154,
          0.8488698,
          0,
          0,
          1.7785058,
          3.0804627,
          1
        ]
      },
      {
        "date" : 729122021.227917,
        "title" : "Untitled",
        "transform" : [
          0.9999993,
          2.6156834e-09,
          -0.0012072389,
          0,
          -0.0006183124,
          0.85888475,
          -0.51216847,
          0,
          0.0010368777,
          0.5121689,
          0.85888416,
          0,
          0,
          1.7785058,
          3.0804627,
          1
        ]
      },
      {
        "date" : 729122017.193913,
        "title" : "Untitled",
        "transform" : [
          1,
          0,
          0,
          0,
          0,
          0.86840296,
          -0.49585915,
          0,
          0,
          0.49585915,
          0.86840296,
          0,
          0,
          1.7785058,
          3.0804627,
          1
        ]
      },
      {
        "date" : 729120057.047933,
        "title" : "Untitled",
        "transform" : [
          1,
          0,
          -0,
          0,
          -0,
          0.86840296,
          -0.49585915,
          0,
          0,
          0.49585915,
          0.86840296,
          0,
          0,
          2.0438192,
          3.5399985,
          1
        ]
      }
    ],
    "952DE5C6-ECA4-4625-88DE-92E76235C1E8" : [
      {
        "date" : 729113165.0844,
        "title" : "Untitled",
        "transform" : [
          0.99999994,
          0,
          0,
          0,
          0,
          0.8660254,
          -0.49999988,
          0,
          0,
          0.49999988,
          0.8660254,
          0,
          2.891131e-09,
          0.04987026,
          0.07694215,
          1
        ]
      },
      {
        "date" : 729113160.808048,
        "title" : "Untitled",
        "transform" : [
          0.99999994,
          0,
          0,
          0,
          0,
          0.8660254,
          -0.49999988,
          0,
          0,
          0.49999988,
          0.8660254,
          0,
          3.6931596e-09,
          0.063704774,
          0.09828669,
          1
        ]
      },
      {
        "date" : 729113117.074327,
        "title" : "Untitled",
        "transform" : [
          0.99999994,
          0,
          -0,
          0,
          -0,
          0.8660254,
          -0.49999988,
          0,
          0,
          0.49999988,
          0.8660254,
          0,
          0,
          0.23597762,
          0.40872526,
          1
        ]
      }
    ],
    "5865D184-195C-473C-8B1C-BE333EE68E3D" : [
      {
        "date" : 729119499.089056,
        "title" : "Untitled",
        "transform" : [
          0.99999994,
          0,
          0,
          0,
          0,
          0.8660254,
          -0.49999988,
          0,
          0,
          0.49999988,
          0.8660254,
          0,
          0,
          0.18642254,
          0.32289308,
          1
        ]
      },
      {
        "date" : 729119496.588054,
        "title" : "Untitled",
        "transform" : [
          0.99999994,
          0,
          0,
          0,
          0,
          0.8660254,
          -0.49999988,
          0,
          0,
          0.49999988,
          0.8660254,
          0,
          0,
          0.11894713,
          0.20602232,
          1
        ]
      },
      {
        "date" : 729114138.575162,
        "title" : "Untitled",
        "transform" : [
          0.99999994,
          0,
          -0,
          0,
          -0,
          0.8660254,
          -0.49999988,
          0,
          0,
          0.49999988,
          0.8660254,
          0,
          0,
          0.23597762,
          0.40872526,
          1
        ]
      }
    ],
    "35631DC9-6E99-4864-8321-6C308624167D" : [
      {
        "date" : 729113221.177568,
        "title" : "Untitled",
        "transform" : [
          0.99999994,
          0,
          0,
          0,
          0,
          0.86602515,
          -0.5000003,
          0,
          0,
          0.5000003,
          0.86602515,
          0,
          -0.064196944,
          0.26328135,
          0.61911905,
          1
        ]
      },
      {
        "date" : 729111315.609779,
        "title" : "Untitled",
        "transform" : [
          0.99999994,
          0,
          0,
          0,
          0,
          0.86602515,
          -0.5000003,
          0,
          0,
          0.5000003,
          0.86602515,
          0,
          -0.05333136,
          0.31346714,
          0.59014434,
          1
        ]
      },
      {
        "date" : 729111211.876397,
        "title" : "Untitled",
        "transform" : [
          0.99999994,
          0,
          -0,
          0,
          -0,
          0.86602515,
          -0.5000003,
          0,
          0,
          0.5000003,
          0.86602515,
          0,
          0,
          0.33390677,
          0.5783436,
          1
        ]
      }
    ],
    "61292A3B-5E6B-45E9-9417-90EC3159230C" : [
      {
        "date" : 729126895.689619,
        "title" : "Untitled",
        "transform" : [
          1,
          0,
          -0,
          0,
          -0,
          0.8660258,
          -0.49999928,
          0,
          0,
          0.49999928,
          0.8660258,
          0,
          -3.576278e-07,
          2.3857276,
          4.2393794,
          1
        ]
      }
    ],
    "D00E7E6A-910B-42C0-AF1A-4D79B33833D1" : [
      {
        "date" : 729114120.248319,
        "title" : "Untitled",
        "transform" : [
          0.9544141,
          -1.5391104e-08,
          -0.2984857,
          0,
          -0.12138208,
          0.9135797,
          -0.3881218,
          0,
          0.27269042,
          0.4066597,
          0.8719334,
          0,
          0.023513705,
          0.05053502,
          0.09142022,
          1
        ]
      },
      {
        "date" : 729114115.848506,
        "title" : "Untitled",
        "transform" : [
          0.868606,
          -2.3134358e-08,
          -0.49550352,
          0,
          -0.4638889,
          0.35147566,
          -0.8131863,
          0,
          0.17415741,
          0.9361969,
          0.30529386,
          0,
          0.010736199,
          0.10262124,
          0.028599866,
          1
        ]
      },
      {
        "date" : 729114088.221554,
        "title" : "Untitled",
        "transform" : [
          0.99999994,
          0,
          0,
          0,
          0,
          0.8660254,
          -0.49999988,
          0,
          0,
          0.49999988,
          0.8660254,
          0,
          -0.0048458083,
          0.060119648,
          0.08846741,
          1
        ]
      },
      {
        "date" : 729113984.705179,
        "title" : "Untitled",
        "transform" : [
          0.99999994,
          0,
          0,
          0,
          0,
          0.8660254,
          -0.49999988,
          0,
          0,
          0.49999988,
          0.8660254,
          0,
          0.0016533211,
          0.15958445,
          0.25987527,
          1
        ]
      },
      {
        "date" : 729113203.827341,
        "title" : "Untitled",
        "transform" : [
          0.99999994,
          0,
          0,
          0,
          0,
          0.8660254,
          -0.49999988,
          0,
          0,
          0.49999988,
          0.8660254,
          0,
          0,
          0.1524254,
          0.26400855,
          1
        ]
      },
      {
        "date" : 729113199.989401,
        "title" : "Untitled",
        "transform" : [
          0.99999994,
          0,
          0,
          0,
          0,
          0.8660254,
          -0.49999988,
          0,
          0,
          0.49999988,
          0.8660254,
          0,
          0,
          0.08791821,
          0.15227881,
          1
        ]
      },
      {
        "date" : 729113167.77684,
        "title" : "Untitled",
        "transform" : [
          0.99999994,
          0,
          -0,
          0,
          -0,
          0.8660254,
          -0.49999988,
          0,
          0,
          0.49999988,
          0.8660254,
          0,
          0,
          0.23597762,
          0.40872526,
          1
        ]
      }
    ]
  },
  "selectedSceneRelativePath" : "sound-emitter-2.usda"
}