{
  "advancedEditorSelectedIdentifier" : "ProjectBrowser",
  "openSceneRelativePaths" : [
    "Geometry\/grippable-pad.usda",
    "Geometry\/sound-emitter.usda"
  ],
  "recentIdentifiers" : {
    "03ECABB0-33A3-4A1E-BA15-66AB19526D51" : [

    ],
    "99F56BE3-1D71-49AE-8BA9-E6A0CE7E72B2" : [

    ],
    "489D1B89-E770-45DA-A24D-01EAB8ED2C4C" : [

    ],
    "952DE5C6-ECA4-4625-88DE-92E76235C1E8" : [

    ],
    "973F8552-AC22-474D-AB50-884B159E0583" : [

    ],
    "4641E9AC-36DF-4B18-985D-F40BB79694B0" : [

    ],
    "35631DC9-6E99-4864-8321-6C308624167D" : [

    ],
    "61292A3B-5E6B-45E9-9417-90EC3159230C" : [

    ],
    "A9A8E935-937A-4D77-86AD-6733C87EB7C7" : [

    ],
    "D00E7E6A-910B-42C0-AF1A-4D79B33833D1" : [

    ],
    "D32D3870-E36C-419B-A540-6FE3FAC4AF97" : [

    ]
  },
  "sceneCameraHistory" : {
    "0F25DC74-3213-4619-987E-5BB60C41DE99" : [
      {
        "date" : 729111203.732407,
        "title" : "Untitled",
        "transform" : [
          0.99999994,
          0,
          0,
          0,
          0,
          0.8660254,
          -0.49999988,
          0,
          0,
          0.49999988,
          0.8660254,
          0,
          0.017414497,
          0.18390393,
          0.3881884,
          1
        ]
      },
      {
        "date" : 729111177.195444,
        "title" : "Untitled",
        "transform" : [
          0.99999994,
          0,
          0,
          0,
          0,
          0.8660254,
          -0.49999988,
          0,
          0,
          0.49999988,
          0.8660254,
          0,
          0,
          0.2140665,
          0.3707741,
          1
        ]
      },
      {
        "date" : 729111135.849345,
        "title" : "Untitled",
        "transform" : [
          0.99999994,
          0,
          -0,
          0,
          -0,
          0.8660254,
          -0.49999988,
          0,
          0,
          0.49999988,
          0.8660254,
          0,
          0,
          0.23597762,
          0.40872526,
          1
        ]
      }
    ],
    "03ECABB0-33A3-4A1E-BA15-66AB19526D51" : [
      {
        "date" : 729138137.824829,
        "title" : "Untitled",
        "transform" : [
          0.99999994,
          0,
          -0,
          0,
          -0,
          0.86602443,
          -0.50000155,
          0,
          0,
          0.50000155,
          0.86602443,
          0,
          -3.576278e-07,
          2.793734,
          4.7770104,
          1
        ]
      }
    ],
    "014ABE0A-0CA5-401E-8BA0-CF86EC65E5F9" : [
      {
        "date" : 729138112.973351,
        "title" : "Untitled",
        "transform" : [
          0.99999994,
          0,
          0,
          0,
          0,
          0.86843336,
          -0.495806,
          0,
          0,
          0.495806,
          0.86843336,
          0,
          0,
          1.2346724,
          2.1373315,
          1
        ]
      },
      {
        "date" : 729138108.17189,
        "title" : "Untitled",
        "transform" : [
          0.99999994,
          0,
          -0,
          0,
          -0,
          0.86843336,
          -0.495806,
          0,
          0,
          0.495806,
          0.86843336,
          0,
          0,
          2.2459242,
          3.8879015,
          1
        ]
      }
    ],
    "99F56BE3-1D71-49AE-8BA9-E6A0CE7E72B2" : [
      {
        "date" : 729128358.900115,
        "title" : "Untitled",
        "transform" : [
          0.99680936,
          4.516039e-09,
          0.07981886,
          0,
          0.041141022,
          0.8569317,
          -0.5137853,
          0,
          -0.06839932,
          0.51542985,
          0.85419756,
          0,
          0,
          1.0692228,
          1.8509226,
          1
        ]
      },
      {
        "date" : 729128356.942761,
        "title" : "Untitled",
        "transform" : [
          0.99999994,
          0,
          0,
          0,
          0,
          0.8684651,
          -0.49575037,
          0,
          0,
          0.49575037,
          0.8684651,
          0,
          0,
          1.0692228,
          1.8509226,
          1
        ]
      },
      {
        "date" : 729128067.835491,
        "title" : "Untitled",
        "transform" : [
          0.99999994,
          0,
          -0,
          0,
          -0,
          0.8684651,
          -0.49575037,
          0,
          0,
          0.49575037,
          0.8684651,
          0,
          0,
          2.2459474,
          3.8879414,
          1
        ]
      }
    ],
    "489D1B89-E770-45DA-A24D-01EAB8ED2C4C" : [
      {
        "date" : 729122119.504243,
        "title" : "Untitled",
        "transform" : [
          0.9848953,
          2.2770493e-05,
          -0.17315105,
          0,
          -0.087824486,
          0.8618863,
          -0.4994385,
          0,
          0.14922515,
          0.50710154,
          0.8488698,
          0,
          0,
          0.81069094,
          1.4041575,
          1
        ]
      },
      {
        "date" : 729122071.111737,
        "title" : "Untitled",
        "transform" : [
          0.9848953,
          2.2770493e-05,
          -0.17315105,
          0,
          -0.087824486,
          0.8618863,
          -0.4994385,
          0,
          0.14922515,
          0.50710154,
          0.8488698,
          0,
          0,
          1.0268494,
          1.7785547,
          1
        ]
      },
      {
        "date" : 729122055.114542,
        "title" : "Untitled",
        "transform" : [
          0.9848953,
          2.2770493e-05,
          -0.17315105,
          0,
          -0.087824486,
          0.8618863,
          -0.4994385,
          0,
          0.14922515,
          0.50710154,
          0.8488698,
          0,
          0,
          1.3219317,
          2.289652,
          1
        ]
      },
      {
        "date" : 729122047.727216,
        "title" : "Untitled",
        "transform" : [
          0.9848953,
          2.2770493e-05,
          -0.17315105,
          0,
          -0.087824486,
          0.8618863,
          -0.4994385,
          0,
          0.14922515,
          0.50710154,
          0.8488698,
          0,
          0,
          5.155095,
          8.9288845,
          1
        ]
      },
      {
        "date" : 729122026.286665,
        "title" : "Untitled",
        "transform" : [
          0.9848953,
          2.2770493e-05,
          -0.17315105,
          0,
          -0.087824486,
          0.8618863,
          -0.4994385,
          0,
          0.14922515,
          0.50710154,
          0.8488698,
          0,
          0,
          1.7785058,
          3.0804627,
          1
        ]
      },
      {
        "date" : 729122021.227917,
        "title" : "Untitled",
        "transform" : [
          0.9999993,
          2.6156834e-09,
          -0.0012072389,
          0,
          -0.0006183124,
          0.85888475,
          -0.51216847,
          0,
          0.0010368777,
          0.5121689,
          0.85888416,
          0,
          0,
          1.7785058,
          3.0804627,
          1
        ]
      },
      {
        "date" : 729122017.193913,
        "title" : "Untitled",
        "transform" : [
          1,
          0,
          0,
          0,
          0,
          0.86840296,
          -0.49585915,
          0,
          0,
          0.49585915,
          0.86840296,
          0,
          0,
          1.7785058,
          3.0804627,
          1
        ]
      },
      {
        "date" : 729120057.047933,
        "title" : "Untitled",
        "transform" : [
          1,
          0,
          -0,
          0,
          -0,
          0.86840296,
          -0.49585915,
          0,
          0,
          0.49585915,
          0.86840296,
          0,
          0,
          2.0438192,
          3.5399985,
          1
        ]
      }
    ],
    "952DE5C6-ECA4-4625-88DE-92E76235C1E8" : [
      {
        "date" : 729113165.0844,
        "title" : "Untitled",
        "transform" : [
          0.99999994,
          0,
          0,
          0,
          0,
          0.8660254,
          -0.49999988,
          0,
          0,
          0.49999988,
          0.8660254,
          0,
          2.891131e-09,
          0.04987026,
          0.07694215,
          1
        ]
      },
      {
        "date" : 729113160.808048,
        "title" : "Untitled",
        "transform" : [
          0.99999994,
          0,
          0,
          0,
          0,
          0.8660254,
          -0.49999988,
          0,
          0,
          0.49999988,
          0.8660254,
          0,
          3.6931596e-09,
          0.063704774,
          0.09828669,
          1
        ]
      },
      {
        "date" : 729113117.074327,
        "title" : "Untitled",
        "transform" : [
          0.99999994,
          0,
          -0,
          0,
          -0,
          0.8660254,
          -0.49999988,
          0,
          0,
          0.49999988,
          0.8660254,
          0,
          0,
          0.23597762,
          0.40872526,
          1
        ]
      }
    ],
    "973F8552-AC22-474D-AB50-884B159E0583" : [
      {
        "date" : 729137853.62928,
        "title" : "Untitled",
        "transform" : [
          1,
          0,
          0,
          0,
          0,
          0.8683744,
          -0.49590912,
          0,
          0,
          0.49590912,
          0.8683744,
          0,
          0.09796983,
          1.2458823,
          2.0035257,
          1
        ]
      },
      {
        "date" : 729135124.26344,
        "title" : "Untitled",
        "transform" : [
          1,
          0,
          0,
          0,
          0,
          0.8683744,
          -0.49590912,
          0,
          0,
          0.49590912,
          0.8683744,
          0,
          0,
          1.3607258,
          2.3546925,
          1
        ]
      },
      {
        "date" : 729135122.611275,
        "title" : "Untitled",
        "transform" : [
          1,
          0,
          -0,
          0,
          -0,
          0.8683744,
          -0.49590912,
          0,
          0,
          0.49590912,
          0.8683744,
          0,
          0,
          2.334205,
          4.0408077,
          1
        ]
      }
    ],
    "4641E9AC-36DF-4B18-985D-F40BB79694B0" : [
      {
        "date" : 729134770.742964,
        "title" : "Untitled",
        "transform" : [
          0.9199633,
          -5.103137e-05,
          0.39200458,
          0,
          0.085399896,
          0.9760074,
          -0.20029092,
          0,
          -0.38258913,
          0.21773744,
          0.89789534,
          0,
          -1.5302634,
          0.87089837,
          3.5296369,
          1
        ]
      },
      {
        "date" : 729134768.407574,
        "title" : "Untitled",
        "transform" : [
          0.9199633,
          -5.103137e-05,
          0.39200458,
          0,
          0.085399896,
          0.9760074,
          -0.20029092,
          0,
          -0.38258913,
          0.21773744,
          0.89789534,
          0,
          -0.075602405,
          0.043193106,
          0.17447254,
          1
        ]
      },
      {
        "date" : 729134746.860218,
        "title" : "Untitled",
        "transform" : [
          0.91996324,
          -5.103254e-05,
          0.39200458,
          0,
          0.085399896,
          0.9760074,
          -0.20029092,
          0,
          -0.38258913,
          0.21773742,
          0.8978953,
          0,
          -0.741825,
          1.4810449,
          2.2917304,
          1
        ]
      },
      {
        "date" : 729134740.097909,
        "title" : "Untitled",
        "transform" : [
          0.9361889,
          3.3013148e-09,
          0.35149753,
          0,
          0.17096633,
          0.87373954,
          -0.45535678,
          0,
          -0.30711725,
          0.48639417,
          0.8179852,
          0,
          0.0038529641,
          1.4296639,
          2.449881,
          1
        ]
      },
      {
        "date" : 729134735.700377,
        "title" : "Untitled",
        "transform" : [
          1,
          0,
          0,
          0,
          0,
          0.86602443,
          -0.5000016,
          0,
          0,
          0.5000016,
          0.86602443,
          0,
          -1.5416104e-07,
          1.4357662,
          2.4601436,
          1
        ]
      },
      {
        "date" : 729134731.205713,
        "title" : "Untitled",
        "transform" : [
          1,
          0,
          0,
          0,
          0,
          0.86602443,
          -0.5000016,
          0,
          0,
          0.5000016,
          0.86602443,
          0,
          -2.0469937e-08,
          0.15568334,
          0.26610953,
          1
        ]
      },
      {
        "date" : 729134720.157817,
        "title" : "Untitled",
        "transform" : [
          1,
          0,
          0,
          0,
          0,
          0.86602443,
          -0.5000016,
          0,
          0,
          0.5000016,
          0.86602443,
          0,
          -1.549306e-08,
          0.11783189,
          0.20141004,
          1
        ]
      },
      {
        "date" : 729134681.866106,
        "title" : "Untitled",
        "transform" : [
          1,
          0,
          0,
          0,
          0,
          0.86602443,
          -0.5000016,
          0,
          0,
          0.5000016,
          0.86602443,
          0,
          -1.3724744e-08,
          0.10438303,
          0.17842188,
          1
        ]
      },
      {
        "date" : 729134673.866915,
        "title" : "Untitled",
        "transform" : [
          1,
          0,
          0,
          0,
          0,
          0.86602443,
          -0.5000016,
          0,
          0,
          0.5000016,
          0.86602443,
          0,
          -8.444413e-08,
          0.6422367,
          1.0977752,
          1
        ]
      },
      {
        "date" : 729134672.420314,
        "title" : "Untitled",
        "transform" : [
          1,
          0,
          0,
          0,
          0,
          0.86602443,
          -0.5000016,
          0,
          0,
          0.5000016,
          0.86602443,
          0,
          -8.802912e-08,
          0.6695022,
          1.1443801,
          1
        ]
      }
    ],
    "5865D184-195C-473C-8B1C-BE333EE68E3D" : [
      {
        "date" : 729119499.089056,
        "title" : "Untitled",
        "transform" : [
          0.99999994,
          0,
          0,
          0,
          0,
          0.8660254,
          -0.49999988,
          0,
          0,
          0.49999988,
          0.8660254,
          0,
          0,
          0.18642254,
          0.32289308,
          1
        ]
      },
      {
        "date" : 729119496.588054,
        "title" : "Untitled",
        "transform" : [
          0.99999994,
          0,
          0,
          0,
          0,
          0.8660254,
          -0.49999988,
          0,
          0,
          0.49999988,
          0.8660254,
          0,
          0,
          0.11894713,
          0.20602232,
          1
        ]
      },
      {
        "date" : 729114138.575162,
        "title" : "Untitled",
        "transform" : [
          0.99999994,
          0,
          -0,
          0,
          -0,
          0.8660254,
          -0.49999988,
          0,
          0,
          0.49999988,
          0.8660254,
          0,
          0,
          0.23597762,
          0.40872526,
          1
        ]
      }
    ],
    "35631DC9-6E99-4864-8321-6C308624167D" : [
      {
        "date" : 729113221.177568,
        "title" : "Untitled",
        "transform" : [
          0.99999994,
          0,
          0,
          0,
          0,
          0.86602515,
          -0.5000003,
          0,
          0,
          0.5000003,
          0.86602515,
          0,
          -0.064196944,
          0.26328135,
          0.61911905,
          1
        ]
      },
      {
        "date" : 729111315.609779,
        "title" : "Untitled",
        "transform" : [
          0.99999994,
          0,
          0,
          0,
          0,
          0.86602515,
          -0.5000003,
          0,
          0,
          0.5000003,
          0.86602515,
          0,
          -0.05333136,
          0.31346714,
          0.59014434,
          1
        ]
      },
      {
        "date" : 729111211.876397,
        "title" : "Untitled",
        "transform" : [
          0.99999994,
          0,
          -0,
          0,
          -0,
          0.86602515,
          -0.5000003,
          0,
          0,
          0.5000003,
          0.86602515,
          0,
          0,
          0.33390677,
          0.5783436,
          1
        ]
      }
    ],
    "61292A3B-5E6B-45E9-9417-90EC3159230C" : [
      {
        "date" : 729134461.18372,
        "title" : "Untitled",
        "transform" : [
          0.98553693,
          -0.00029646963,
          0.16946068,
          0,
          0.0734196,
          0.9020176,
          -0.4254102,
          0,
          -0.15273039,
          0.43169922,
          0.8889934,
          0,
          -1.6534968e-07,
          1.103044,
          1.9600822,
          1
        ]
      },
      {
        "date" : 729134433.236736,
        "title" : "Untitled",
        "transform" : [
          1,
          0,
          0,
          0,
          0,
          0.8660258,
          -0.49999928,
          0,
          0,
          0.49999928,
          0.8660258,
          0,
          -1.6534968e-07,
          1.103044,
          1.9600822,
          1
        ]
      },
      {
        "date" : 729126895.689619,
        "title" : "Untitled",
        "transform" : [
          1,
          0,
          -0,
          0,
          -0,
          0.8660258,
          -0.49999928,
          0,
          0,
          0.49999928,
          0.8660258,
          0,
          -3.576278e-07,
          2.3857276,
          4.2393794,
          1
        ]
      }
    ],
    "A9A8E935-937A-4D77-86AD-6733C87EB7C7" : [
      {
        "date" : 729138136.896292,
        "title" : "Untitled",
        "transform" : [
          0.99999994,
          0,
          -0,
          0,
          -0,
          0.86843336,
          -0.495806,
          0,
          0,
          0.495806,
          0.86843336,
          0,
          0,
          2.2459242,
          3.8879015,
          1
        ]
      }
    ],
    "D00E7E6A-910B-42C0-AF1A-4D79B33833D1" : [
      {
        "date" : 729114120.248319,
        "title" : "Untitled",
        "transform" : [
          0.9544141,
          -1.5391104e-08,
          -0.2984857,
          0,
          -0.12138208,
          0.9135797,
          -0.3881218,
          0,
          0.27269042,
          0.4066597,
          0.8719334,
          0,
          0.023513705,
          0.05053502,
          0.09142022,
          1
        ]
      },
      {
        "date" : 729114115.848506,
        "title" : "Untitled",
        "transform" : [
          0.868606,
          -2.3134358e-08,
          -0.49550352,
          0,
          -0.4638889,
          0.35147566,
          -0.8131863,
          0,
          0.17415741,
          0.9361969,
          0.30529386,
          0,
          0.010736199,
          0.10262124,
          0.028599866,
          1
        ]
      },
      {
        "date" : 729114088.221554,
        "title" : "Untitled",
        "transform" : [
          0.99999994,
          0,
          0,
          0,
          0,
          0.8660254,
          -0.49999988,
          0,
          0,
          0.49999988,
          0.8660254,
          0,
          -0.0048458083,
          0.060119648,
          0.08846741,
          1
        ]
      },
      {
        "date" : 729113984.705179,
        "title" : "Untitled",
        "transform" : [
          0.99999994,
          0,
          0,
          0,
          0,
          0.8660254,
          -0.49999988,
          0,
          0,
          0.49999988,
          0.8660254,
          0,
          0.0016533211,
          0.15958445,
          0.25987527,
          1
        ]
      },
      {
        "date" : 729113203.827341,
        "title" : "Untitled",
        "transform" : [
          0.99999994,
          0,
          0,
          0,
          0,
          0.8660254,
          -0.49999988,
          0,
          0,
          0.49999988,
          0.8660254,
          0,
          0,
          0.1524254,
          0.26400855,
          1
        ]
      },
      {
        "date" : 729113199.989401,
        "title" : "Untitled",
        "transform" : [
          0.99999994,
          0,
          0,
          0,
          0,
          0.8660254,
          -0.49999988,
          0,
          0,
          0.49999988,
          0.8660254,
          0,
          0,
          0.08791821,
          0.15227881,
          1
        ]
      },
      {
        "date" : 729113167.77684,
        "title" : "Untitled",
        "transform" : [
          0.99999994,
          0,
          -0,
          0,
          -0,
          0.8660254,
          -0.49999988,
          0,
          0,
          0.49999988,
          0.8660254,
          0,
          0,
          0.23597762,
          0.40872526,
          1
        ]
      }
    ],
    "D32D3870-E36C-419B-A540-6FE3FAC4AF97" : [
      {
        "date" : 729137846.918235,
        "title" : "Untitled",
        "transform" : [
          0.98997337,
          -1.1084218e-09,
          -0.1412545,
          0,
          -0.029070452,
          0.9785937,
          -0.20373845,
          0,
          0.13823076,
          0.20580195,
          0.9687816,
          0,
          0.19667575,
          0.52347493,
          1.7511139,
          1
        ]
      },
      {
        "date" : 729137836.260353,
        "title" : "Untitled",
        "transform" : [
          0.98997337,
          -1.1084218e-09,
          -0.1412545,
          0,
          -0.029070452,
          0.9785937,
          -0.20373845,
          0,
          0.13823076,
          0.20580195,
          0.9687816,
          0,
          0.23542227,
          0.6266033,
          2.0960958,
          1
        ]
      },
      {
        "date" : 729135014.013271,
        "title" : "Untitled",
        "transform" : [
          0.98997337,
          -1.1084218e-09,
          -0.1412545,
          0,
          -0.029070452,
          0.9785937,
          -0.20373845,
          0,
          0.13823076,
          0.20580195,
          0.9687816,
          0,
          0.15752107,
          0.41926035,
          1.4024981,
          1
        ]
      },
      {
        "date" : 729135007.526349,
        "title" : "Untitled",
        "transform" : [
          0.38788614,
          -0.0026125393,
          -0.9217036,
          0,
          -0.45905352,
          0.866599,
          -0.19564265,
          0,
          0.7992586,
          0.49899837,
          0.3349425,
          0,
          0.86537224,
          0.8490925,
          1.177255,
          1
        ]
      },
      {
        "date" : 729135005.826316,
        "title" : "Untitled",
        "transform" : [
          0.38788614,
          -0.0026125393,
          -0.9217036,
          0,
          -0.45905352,
          0.866599,
          -0.19564265,
          0,
          0.7992586,
          0.49899837,
          0.3349425,
          0,
          1.175787,
          0.7045232,
          0.6519056,
          1
        ]
      },
      {
        "date" : 729134998.643002,
        "title" : "Untitled",
        "transform" : [
          0.38788614,
          -0.0026125393,
          -0.9217036,
          0,
          -0.45905352,
          0.866599,
          -0.19564265,
          0,
          0.7992586,
          0.49899837,
          0.3349425,
          0,
          1.175787,
          0.7045232,
          0.6519056,
          1
        ]
      },
      {
        "date" : 729134992.276571,
        "title" : "Untitled",
        "transform" : [
          0.38788614,
          -0.0026125393,
          -0.9217036,
          0,
          -0.45905352,
          0.866599,
          -0.19564265,
          0,
          0.7992586,
          0.49899837,
          0.3349425,
          0,
          1.324091,
          0.668984,
          0.35096064,
          1
        ]
      },
      {
        "date" : 729134987.309727,
        "title" : "Untitled",
        "transform" : [
          0.38788614,
          -0.0026125393,
          -0.9217036,
          0,
          -0.45905352,
          0.866599,
          -0.19564265,
          0,
          0.7992586,
          0.49899837,
          0.3349425,
          0,
          1.1018578,
          0.7784193,
          0.7182293,
          1
        ]
      },
      {
        "date" : 729134981.307426,
        "title" : "Untitled",
        "transform" : [
          0.4641059,
          5.684768e-09,
          -0.8857797,
          0,
          -0.3322438,
          0.9269899,
          -0.17407975,
          0,
          0.8211088,
          0.37508625,
          0.4302215,
          0,
          1.0233386,
          0.8609815,
          0.7825968,
          1
        ]
      },
      {
        "date" : 729134968.771321,
        "title" : "Untitled",
        "transform" : [
          0.5109989,
          -7.274028e-07,
          -0.8595815,
          0,
          -0.168988,
          0.9804851,
          -0.10045982,
          0,
          0.84280676,
          0.19659379,
          0.50102663,
          0,
          1.5822084,
          1.0485371,
          1.673033,
          1
        ]
      }
    ]
  },
  "selectedSceneRelativePath" : "Geometry\/sound-emitter.usda"
}